# BLASTN 2.12.0+
# Query: Phatr3_J39523.t1
# Database: /project/def-desgagne/amaryllidaceaeData/blast_dbs/Amaryllidaceae_filtered
# 0 hits found
# BLASTN 2.12.0+
# Query: Phatr3_J49800.t1
# Database: /project/def-desgagne/amaryllidaceaeData/blast_dbs/Amaryllidaceae_filtered
# Fields: query acc.ver, subject acc.ver, % identity, alignment length, mismatches, gap opens, q. start, q. end, s. start, s. end, evalue, bit score
# 207 hits found
Phatr3_J49800.t1	Nataz_c103977.graph_c0	69.183	649	188	6	377	1022	1381	742	9.84e-65	253
Phatr3_J49800.t1	Navir_TR2040271	69.930	572	164	5	382	950	546	1112	1.78e-61	242
Phatr3_J49800.t1	NapsKA_TR23570_c1_g1_i1	68.770	634	186	5	382	1012	492	1116	2.17e-60	240
Phatr3_J49800.t1	Napap_medp_9narc_20101112_662	68.770	634	186	5	382	1012	1199	575	2.17e-60	240
Phatr3_J49800.t1	Naafps_TR662	68.770	634	186	5	382	1012	1199	575	2.17e-60	240
Phatr3_J49800.t1	Lyrad_TR158041_c1_g1_i1	71.702	470	126	4	377	844	152	616	7.56e-60	237
Phatr3_J49800.t1	Leaes_TRINITY_DN3432_c0_g1_i1	68.634	644	190	6	382	1022	525	1159	2.64e-59	235
Phatr3_J49800.t1	Lyspr_TRINITY_DN1915_c0_g2_i1	68.478	644	191	6	382	1022	535	1169	1.12e-57	231
Phatr3_J49800.t1	Alnut_GHML01236386.1	68.550	655	191	9	372	1022	532	1175	1.37e-56	226
Phatr3_J49800.t1	Alnut_GHML01236384.1	68.550	655	191	9	372	1022	544	1187	1.37e-56	226
Phatr3_J49800.t1	Alnut_GHML01236381.1	68.550	655	191	9	372	1022	544	1187	1.37e-56	226
Phatr3_J49800.t1	Zecan_TRINITY_DN1782_c0_g1_i3	68.527	645	189	8	382	1022	1442	808	4.77e-56	225
Phatr3_J49800.t1	Tuvio_GHMR01168131.1	79.051	253	53	0	382	634	587	839	7.08e-54	218
Phatr3_J49800.t1	Tuvio_GHMR01168131.1	82.353	68	12	0	884	951	1086	1153	2.32e-09	69.8
Phatr3_J49800.t1	Tuvio_GHMR01168118.1	79.051	253	53	0	382	634	587	839	7.08e-54	218
Phatr3_J49800.t1	Tuvio_GHMR01168118.1	82.353	68	12	0	884	951	1086	1153	2.32e-09	69.8
Phatr3_J49800.t1	Alasc_GFAJ01007778.1	68.959	567	165	5	382	944	503	1062	7.08e-54	217
Phatr3_J49800.t1	Altub_GFAN01117825.1	68.838	568	166	5	381	944	452	1012	8.63e-53	214
Phatr3_J49800.t1	Alchi_GFAL01018186.1	68.959	567	165	6	382	944	576	1135	3.01e-52	213
Phatr3_J49800.t1	Agpror_GALD01069092.1	68.012	644	194	7	382	1022	662	1296	3.01e-52	213
Phatr3_J49800.t1	Agpror_GALD01018592.1	68.012	644	194	7	382	1022	632	1266	3.01e-52	213
Phatr3_J49800.t1	Agafr_TR2026838	68.012	644	194	7	382	1022	1316	682	3.01e-52	213
Phatr3_J49800.t1	Leaes_TRINITY_DN3432_c0_g2_i2	67.781	658	194	8	381	1032	655	1300	3.01e-52	212
Phatr3_J49800.t1	Almac_GFAO01157760.1	67.890	654	196	8	373	1022	350	993	1.05e-51	210
Phatr3_J49800.t1	Alchi_GFAL01068719.1	67.890	654	196	8	373	1022	571	1214	1.05e-51	210
Phatr3_J49800.t1	Alcep_GETF01032093.1	68.662	568	167	5	381	944	300	860	1.05e-51	210
Phatr3_J49800.t1	Agafr_TR2028950	67.933	658	191	10	382	1032	473	1117	3.67e-51	209
Phatr3_J49800.t1	Alurs_GHMQ01088467.1	68.430	567	168	5	382	944	592	1151	1.56e-49	204
Phatr3_J49800.t1	Alcep_GETF01032024.1	67.732	657	197	9	370	1022	455	1100	1.56e-49	203
Phatr3_J49800.t1	Alceag_GFAK01055898.1	67.732	657	197	9	370	1022	336	981	1.56e-49	203
Phatr3_J49800.t1	Alamp_GFAR01086767.1	67.584	654	201	7	371	1022	555	1199	1.56e-49	203
Phatr3_J49800.t1	Altub_GFAN01127070.1	67.683	656	197	9	371	1022	605	1249	5.45e-49	201
Phatr3_J49800.t1	Lyspr_TRINITY_DN1915_c0_g1_i4	67.375	659	197	8	380	1032	582	1228	1.90e-48	200
Phatr3_J49800.t1	Lyspr_TRINITY_DN1915_c0_g1_i2	67.375	659	197	8	380	1032	582	1228	1.90e-48	200
Phatr3_J49800.t1	Lyspr_TRINITY_DN1915_c0_g1_i1	67.375	659	197	8	380	1032	582	1228	1.90e-48	200
Phatr3_J49800.t1	Alang_GHMP01111589.1	68.254	567	169	5	382	944	569	1128	1.90e-48	199
Phatr3_J49800.t1	Alang_GHMP01111587.1	68.254	567	169	5	382	944	569	1128	1.90e-48	199
Phatr3_J49800.t1	Lyspr_TRINITY_DN1915_c0_g1_i6	67.474	661	189	11	381	1031	583	1227	6.64e-48	197
Phatr3_J49800.t1	Lyspr_TRINITY_DN1915_c0_g1_i5	67.474	661	189	11	381	1031	583	1227	6.64e-48	197
Phatr3_J49800.t1	Lyspr_TRINITY_DN1915_c0_g1_i3	67.474	661	189	11	381	1031	583	1227	6.64e-48	197
Phatr3_J49800.t1	Napap_medp_9narc_20101112_66444	66.970	660	194	8	381	1031	853	209	8.08e-47	194
Phatr3_J49800.t1	Naafps_TR66444	66.970	660	194	8	381	1031	853	209	8.08e-47	194
Phatr3_J49800.t1	Alfis_GFAM01024336.1	67.378	656	199	9	371	1022	558	1202	2.82e-46	192
Phatr3_J49800.t1	Gaelw_comp103828_c0_seq4	67.021	658	199	8	381	1032	96	741	3.44e-45	189
Phatr3_J49800.t1	Gaelw_comp103828_c0_seq3	67.021	658	199	8	381	1032	96	741	3.44e-45	189
Phatr3_J49800.t1	Alnut_GHML01204405.1	66.972	654	200	7	384	1032	1	643	3.44e-45	189
Phatr3_J49800.t1	Alasc_GFAJ01094660.1	67.287	645	197	8	382	1022	609	1243	3.44e-45	189
Phatr3_J49800.t1	Gaelw_comp103828_c0_seq5	70.531	414	109	5	436	844	1	406	1.20e-44	187
Phatr3_J49800.t1	NapsKA_TR53547_c0_g1_i1	67.071	659	195	10	381	1031	61	705	4.19e-44	186
Phatr3_J49800.t1	Leaes_TRINITY_DN3432_c0_g2_i3	68.007	572	164	9	381	944	655	1215	1.46e-43	184
Phatr3_J49800.t1	Leaes_TRINITY_DN3432_c0_g2_i1	68.007	572	164	9	381	944	655	1215	1.46e-43	184
Phatr3_J49800.t1	Alnut_GHML01204404.1	67.673	563	171	5	384	942	1	556	1.46e-43	183
Phatr3_J49800.t1	Alang_GHMP01078398.1	67.136	639	196	8	388	1022	3	631	1.46e-43	183
Phatr3_J49800.t1	Alang_GHMP01078396.1	67.136	639	196	8	388	1022	3	631	1.46e-43	183
Phatr3_J49800.t1	Alang_GHMP01078394.1	67.136	639	196	8	388	1022	3	631	1.46e-43	183
Phatr3_J49800.t1	Agpror_GALD01018599.1	67.021	658	197	10	382	1032	474	1118	5.10e-43	182
Phatr3_J49800.t1	Agpror_GALD01018598.1	67.021	658	197	10	382	1032	474	1118	5.10e-43	182
Phatr3_J49800.t1	Agpror_GALD01018597.1	67.021	658	197	10	382	1032	549	1193	5.10e-43	182
Phatr3_J49800.t1	Agpror_GALD01018596.1	67.021	658	197	10	382	1032	549	1193	5.10e-43	182
Phatr3_J49800.t1	Agpror_GALD01018595.1	67.021	658	197	10	382	1032	629	1273	5.10e-43	182
Phatr3_J49800.t1	Agpror_GALD01018594.1	67.021	658	197	10	382	1032	629	1273	5.10e-43	182
Phatr3_J49800.t1	Zecan_TRINITY_DN445_c0_g1_i9	67.657	572	164	8	382	944	624	1183	5.10e-43	181
Phatr3_J49800.t1	Zecan_TRINITY_DN445_c0_g1_i7	67.657	572	164	8	382	944	624	1183	5.10e-43	181
Phatr3_J49800.t1	Zecan_TRINITY_DN445_c0_g1_i13	67.657	572	164	8	382	944	602	1161	5.10e-43	181
Phatr3_J49800.t1	Zecan_TRINITY_DN445_c0_g1_i10	67.657	572	164	8	382	944	602	1161	5.10e-43	181
Phatr3_J49800.t1	Zecan_TRINITY_DN445_c0_g1_i1	67.657	572	164	8	382	944	602	1161	5.10e-43	181
Phatr3_J49800.t1	NapsKA_TR53547_c0_g1_i7	66.515	660	197	8	381	1031	61	705	1.78e-42	180
Phatr3_J49800.t1	NapsKA_TR53547_c0_g1_i3	66.515	660	197	8	381	1031	61	705	1.78e-42	180
Phatr3_J49800.t1	Gaelw_comp103828_c0_seq2	66.717	658	201	8	381	1032	575	1220	1.78e-42	180
Phatr3_J49800.t1	Gaelw_comp103828_c0_seq1	66.717	658	201	8	381	1032	575	1220	1.78e-42	180
Phatr3_J49800.t1	Zecan_TRINITY_DN445_c0_g1_i5	66.867	664	188	13	382	1032	624	1268	2.17e-41	177
Phatr3_J49800.t1	Zecan_TRINITY_DN445_c0_g1_i14	66.867	664	188	13	382	1032	602	1246	2.17e-41	177
Phatr3_J49800.t1	Zecan_TRINITY_DN1782_c0_g1_i1	66.460	644	188	9	382	1022	1426	808	2.64e-40	173
Phatr3_J49800.t1	Alurs_GHMQ01210073.1	74.621	264	66	1	371	634	583	845	9.22e-40	171
Phatr3_J49800.t1	Alurs_GHMQ01210062.1	74.621	264	66	1	371	634	583	845	9.22e-40	171
Phatr3_J49800.t1	Alurs_GHMQ01210061.1	74.621	264	66	1	371	634	583	845	9.22e-40	171
Phatr3_J49800.t1	Alurs_GHMQ01210058.1	74.621	264	66	1	371	634	583	845	9.22e-40	171
Phatr3_J49800.t1	Alurs_GHMQ01210056.1	74.621	264	66	1	371	634	211	473	9.22e-40	171
Phatr3_J49800.t1	Alurs_GHMQ01210047.1	74.621	264	66	1	371	634	583	845	9.22e-40	171
Phatr3_J49800.t1	Alurs_GHMQ01210042.1	74.621	264	66	1	371	634	583	845	9.22e-40	171
Phatr3_J49800.t1	Alurs_GHMQ01210040.1	74.621	264	66	1	371	634	583	845	9.22e-40	171
Phatr3_J49800.t1	Alurs_GHMQ01210024.1	74.621	264	66	1	371	634	583	845	9.22e-40	171
Phatr3_J49800.t1	Alurs_GHMQ01210020.1	74.621	264	66	1	371	634	583	845	9.22e-40	171
Phatr3_J49800.t1	Alurs_GHMQ01210016.1	74.621	264	66	1	371	634	583	845	9.22e-40	171
Phatr3_J49800.t1	Alurs_GHMQ01210012.1	74.621	264	66	1	371	634	211	473	9.22e-40	171
Phatr3_J49800.t1	Alurs_GHMQ01210011.1	74.621	264	66	1	371	634	583	845	9.22e-40	171
Phatr3_J49800.t1	Alurs_GHMQ01210010.1	74.621	264	66	1	371	634	583	845	9.22e-40	171
Phatr3_J49800.t1	Alang_GHMP01078397.1	75.630	238	58	0	382	619	337	574	3.22e-39	168
Phatr3_J49800.t1	Agpror_GALD01018593.1	75.417	240	59	0	381	620	277	38	1.12e-38	168
Phatr3_J49800.t1	Phcyr_TR2025515	66.159	656	206	7	382	1032	514	1158	3.92e-38	166
Phatr3_J49800.t1	Phchi_TR2103534	74.895	239	60	0	382	620	69	307	4.78e-37	161
Phatr3_J49800.t1	Zetre_TR2010130	66.190	630	189	9	412	1032	718	104	5.82e-36	158
Phatr3_J49800.t1	Alnut_GHML01236382.1	78.307	189	40	1	372	560	544	731	2.47e-34	153
Phatr3_J49800.t1	Zecan_TRINITY_DN9877_c0_g1_i3	77.838	185	41	0	382	566	196	380	3.02e-33	150
Phatr3_J49800.t1	Zecan_TRINITY_DN9877_c0_g1_i1	77.838	185	41	0	382	566	196	380	3.02e-33	150
Phatr3_J49800.t1	Trmod_TR2079526	73.750	240	63	0	381	620	424	185	3.02e-33	150
Phatr3_J49800.t1	Zetre_TR2010129	74.163	209	54	0	412	620	711	503	6.64e-29	134
Phatr3_J49800.t1	Lyspr_TRINITY_DN18182_c0_g1_i9	72.065	247	66	1	381	624	1192	946	2.32e-28	133
Phatr3_J49800.t1	Lyspr_TRINITY_DN18182_c0_g1_i9	68.889	225	59	8	799	1019	774	557	9.87e-08	65.3
Phatr3_J49800.t1	Lyspr_TRINITY_DN18182_c0_g1_i8	72.065	247	66	1	381	624	1185	939	2.32e-28	133
Phatr3_J49800.t1	Lyspr_TRINITY_DN18182_c0_g1_i8	68.889	225	59	8	799	1019	774	557	9.87e-08	65.3
Phatr3_J49800.t1	Lyspr_TRINITY_DN18182_c0_g1_i7	72.065	247	66	1	381	624	1192	946	2.32e-28	133
Phatr3_J49800.t1	Lyspr_TRINITY_DN18182_c0_g1_i7	68.889	225	59	8	799	1019	774	557	9.87e-08	65.3
Phatr3_J49800.t1	Lyspr_TRINITY_DN18182_c0_g1_i6	72.065	247	66	1	381	624	1208	962	2.32e-28	133
Phatr3_J49800.t1	Lyspr_TRINITY_DN18182_c0_g1_i6	68.889	225	59	8	799	1019	774	557	9.87e-08	65.3
Phatr3_J49800.t1	Lyspr_TRINITY_DN18182_c0_g1_i4	72.065	247	66	1	381	624	1490	1244	2.32e-28	133
Phatr3_J49800.t1	Lyspr_TRINITY_DN18182_c0_g1_i4	68.889	225	59	8	799	1019	1072	855	9.87e-08	65.3
Phatr3_J49800.t1	Lyspr_TRINITY_DN18182_c0_g1_i3	72.065	247	66	1	381	624	1192	946	2.32e-28	133
Phatr3_J49800.t1	Lyspr_TRINITY_DN18182_c0_g1_i3	68.889	225	59	8	799	1019	774	557	9.87e-08	65.3
Phatr3_J49800.t1	Lyspr_TRINITY_DN18182_c0_g1_i13	72.065	247	66	1	381	624	1192	946	2.32e-28	133
Phatr3_J49800.t1	Lyspr_TRINITY_DN18182_c0_g1_i13	68.889	225	59	8	799	1019	774	557	9.87e-08	65.3
Phatr3_J49800.t1	Lyspr_TRINITY_DN18182_c0_g1_i12	72.065	247	66	1	381	624	1192	946	2.32e-28	133
Phatr3_J49800.t1	Lyspr_TRINITY_DN18182_c0_g1_i12	68.889	225	59	8	799	1019	774	557	9.87e-08	65.3
Phatr3_J49800.t1	Lyspr_TRINITY_DN18182_c0_g1_i11	72.065	247	66	1	381	624	1192	946	2.32e-28	133
Phatr3_J49800.t1	Lyspr_TRINITY_DN18182_c0_g1_i11	68.889	225	59	8	799	1019	774	557	9.87e-08	65.3
Phatr3_J49800.t1	Lyspr_TRINITY_DN18182_c0_g1_i10	72.065	247	66	1	381	624	1490	1244	2.32e-28	133
Phatr3_J49800.t1	Lyspr_TRINITY_DN18182_c0_g1_i10	68.889	225	59	8	799	1019	1072	855	9.87e-08	65.3
Phatr3_J49800.t1	Lyspr_TRINITY_DN18182_c0_g1_i1	72.065	247	66	1	381	624	901	655	2.32e-28	133
Phatr3_J49800.t1	Lyspr_TRINITY_DN18182_c0_g1_i1	68.889	225	59	8	799	1019	490	273	9.87e-08	65.3
Phatr3_J49800.t1	Alnut_GHML01236385.1	75.978	179	43	0	382	560	446	624	2.82e-27	130
Phatr3_J49800.t1	Nataz_c104264.graph_c0	71.660	247	67	1	381	624	477	723	2.82e-27	129
Phatr3_J49800.t1	Nataz_c104264.graph_c0	68.161	223	64	6	799	1019	895	1112	3.44e-07	62.6
Phatr3_J49800.t1	NapsKA_TR3104_c0_g1_i3	71.660	247	67	1	381	624	509	755	2.82e-27	129
Phatr3_J49800.t1	NapsKA_TR3104_c0_g1_i3	67.713	223	65	6	799	1019	1359	1576	1.46e-05	58.1
Phatr3_J49800.t1	NapsKA_TR3104_c0_g1_i2	71.660	247	67	1	381	624	509	755	2.82e-27	129
Phatr3_J49800.t1	NapsKA_TR3104_c0_g1_i1	71.660	247	67	1	381	624	509	755	2.82e-27	129
Phatr3_J49800.t1	NapsKA_TR3104_c0_g1_i1	67.713	223	65	6	799	1019	943	1160	1.46e-05	58.1
Phatr3_J49800.t1	Napap_medp_9narc_20101112_7844	71.660	247	67	1	381	624	1025	779	2.82e-27	129
Phatr3_J49800.t1	Napap_medp_9narc_20101112_7844	67.713	223	65	6	799	1019	607	390	1.46e-05	58.1
Phatr3_J49800.t1	Napap_medp_9narc_20101112_19302	71.660	247	67	1	381	624	816	570	2.82e-27	129
Phatr3_J49800.t1	Napap_medp_9narc_20101112_19302	67.713	223	65	6	799	1019	398	181	1.46e-05	58.1
Phatr3_J49800.t1	Napap_medp_9narc_20101112_103765	71.660	247	67	1	381	624	301	547	2.82e-27	129
Phatr3_J49800.t1	Napap_medp_9narc_20101112_103765	67.713	223	65	6	799	1019	719	936	1.46e-05	58.1
Phatr3_J49800.t1	Naafps_TR7844	71.660	247	67	1	381	624	1025	779	2.82e-27	129
Phatr3_J49800.t1	Naafps_TR7844	67.713	223	65	6	799	1019	607	390	1.46e-05	58.1
Phatr3_J49800.t1	Naafps_TR19302	71.660	247	67	1	381	624	816	570	2.82e-27	129
Phatr3_J49800.t1	Naafps_TR19302	67.713	223	65	6	799	1019	398	181	1.46e-05	58.1
Phatr3_J49800.t1	Naafps_TR103765	71.660	247	67	1	381	624	301	547	2.82e-27	129
Phatr3_J49800.t1	Naafps_TR103765	67.713	223	65	6	799	1019	719	936	1.46e-05	58.1
Phatr3_J49800.t1	Lyrad_TR78353_c0_g1_i1	71.660	247	67	1	381	624	180	426	2.82e-27	129
Phatr3_J49800.t1	Gasp_comp109434_c0_seq2	71.660	247	67	1	381	624	628	874	2.82e-27	129
Phatr3_J49800.t1	Gasp_comp109434_c0_seq1	71.660	247	67	1	381	624	628	874	2.82e-27	129
Phatr3_J49800.t1	Agpror_GALD01009909.1	71.660	247	67	1	381	624	713	467	2.82e-27	129
Phatr3_J49800.t1	Agpror_GALD01009908.1	71.660	247	67	1	381	624	982	736	2.82e-27	129
Phatr3_J49800.t1	Agpror_GALD01009907.1	71.660	247	67	1	381	624	1157	911	2.82e-27	129
Phatr3_J49800.t1	Phchi_TR2024253	71.545	246	67	1	382	624	1092	847	9.86e-27	127
Phatr3_J49800.t1	Phchi_TR2024253	70.000	140	35	3	882	1019	590	456	1.46e-05	57.2
Phatr3_J49800.t1	Leaes_TRINITY_DN11643_c1_g1_i3	71.255	247	68	1	381	624	1102	856	1.20e-25	124
Phatr3_J49800.t1	Leaes_TRINITY_DN11643_c1_g1_i1	71.255	247	68	1	381	624	1102	856	1.20e-25	124
Phatr3_J49800.t1	Gaelw_comp101530_c3_seq4	71.255	247	68	1	381	624	119	365	1.20e-25	124
Phatr3_J49800.t1	Gaelw_comp101530_c3_seq3	71.255	247	68	1	381	624	119	365	1.20e-25	124
Phatr3_J49800.t1	Gaelw_comp101530_c3_seq2	71.255	247	68	1	381	624	621	867	1.20e-25	124
Phatr3_J49800.t1	Gaelw_comp101530_c3_seq1	71.255	247	68	1	381	624	621	867	1.20e-25	124
Phatr3_J49800.t1	Phcyr_TR2117482	71.138	246	68	1	382	624	908	663	4.19e-25	123
Phatr3_J49800.t1	NapsKA_TR3104_c0_g1_i7	71.371	248	67	2	381	624	509	756	4.19e-25	123
Phatr3_J49800.t1	NapsKA_TR3104_c0_g1_i7	67.713	223	65	6	799	1019	928	1145	1.46e-05	58.1
Phatr3_J49800.t1	Navir_TR2013576	72.072	222	62	0	381	602	514	735	4.19e-25	122
Phatr3_J49800.t1	Almac_GFAO01131630.1	71.605	243	64	3	382	620	651	892	5.11e-24	119
Phatr3_J49800.t1	Alnut_GHML01171307.1	71.493	221	63	0	382	602	509	729	6.22e-23	115
Phatr3_J49800.t1	Zecan_TRINITY_DN5045_c0_g2_i2	70.325	246	70	1	382	624	463	708	2.17e-22	113
Phatr3_J49800.t1	Zecan_TRINITY_DN5045_c0_g2_i2	70.714	140	34	3	882	1019	963	1097	1.20e-06	61.7
Phatr3_J49800.t1	Zecan_TRINITY_DN5045_c0_g2_i1	70.325	246	70	1	382	624	463	708	2.17e-22	113
Phatr3_J49800.t1	Zecan_TRINITY_DN5045_c0_g2_i1	70.714	140	34	3	882	1019	963	1097	1.20e-06	61.7
Phatr3_J49800.t1	Lyspr_TRINITY_DN76921_c0_g2_i1	70.563	231	68	0	390	620	1953	1723	7.58e-22	111
Phatr3_J49800.t1	Alceag_GFAK01037393.1	71.041	221	64	0	382	602	567	787	7.58e-22	111
Phatr3_J49800.t1	Tuvio_GHMR01230926.1	65.291	654	200	16	382	1023	559	1197	2.64e-21	109
Phatr3_J49800.t1	Tuvio_GHMR01230924.1	65.291	654	200	16	382	1023	215	853	2.64e-21	109
Phatr3_J49800.t1	Tuvio_GHMR01230920.1	65.291	654	200	16	382	1023	640	1278	2.64e-21	109
Phatr3_J49800.t1	Tuvio_GHMR01230914.1	65.291	654	200	16	382	1023	215	853	2.64e-21	109
Phatr3_J49800.t1	Tuvio_GHMR01230912.1	65.291	654	200	16	382	1023	559	1197	2.64e-21	109
Phatr3_J49800.t1	Alfis_GFAM01116590.1	70.588	221	65	0	382	602	523	743	3.22e-20	106
Phatr3_J49800.t1	Alchi_GFAL01105813.1	70.588	221	65	0	382	602	495	715	3.22e-20	106
Phatr3_J49800.t1	Alasc_GFAJ01112097.1	70.588	221	65	0	382	602	477	697	3.22e-20	106
Phatr3_J49800.t1	Alang_GHMP01129442.1	70.588	221	65	0	382	602	461	681	3.22e-20	106
Phatr3_J49800.t1	Alang_GHMP01129441.1	70.588	221	65	0	382	602	461	681	3.22e-20	106
Phatr3_J49800.t1	Alang_GHMP01129440.1	70.588	221	65	0	382	602	461	681	3.22e-20	106
Phatr3_J49800.t1	Alang_GHMP01129439.1	70.588	221	65	0	382	602	461	681	3.22e-20	106
Phatr3_J49800.t1	Alang_GHMP01129437.1	70.588	221	65	0	382	602	461	681	3.22e-20	106
Phatr3_J49800.t1	Alang_GHMP01129436.1	70.588	221	65	0	382	602	461	681	3.22e-20	106
Phatr3_J49800.t1	Alang_GHMP01129435.1	70.588	221	65	0	382	602	461	681	3.22e-20	106
Phatr3_J49800.t1	Alang_GHMP01129432.1	70.588	221	65	0	382	602	461	681	3.22e-20	106
Phatr3_J49800.t1	Alang_GHMP01129431.1	70.588	221	65	0	382	602	461	681	3.22e-20	106
Phatr3_J49800.t1	Alang_GHMP01129430.1	70.588	221	65	0	382	602	461	681	3.22e-20	106
Phatr3_J49800.t1	Alang_GHMP01129428.1	70.588	221	65	0	382	602	461	681	3.22e-20	106
Phatr3_J49800.t1	Alang_GHMP01129427.1	70.588	221	65	0	382	602	461	681	3.22e-20	106
Phatr3_J49800.t1	Alang_GHMP01129425.1	70.588	221	65	0	382	602	461	681	3.22e-20	106
Phatr3_J49800.t1	Alurs_GHMQ01176794.1	69.512	246	72	1	382	624	360	605	1.12e-19	104
Phatr3_J49800.t1	Alurs_GHMQ01176793.1	69.512	246	72	1	382	624	681	926	1.12e-19	104
Phatr3_J49800.t1	Alurs_GHMQ01176792.1	69.512	246	72	1	382	624	525	770	1.12e-19	104
Phatr3_J49800.t1	Alurs_GHMQ01176791.1	69.512	246	72	1	382	624	2347	2592	1.12e-19	104
Phatr3_J49800.t1	Alurs_GHMQ01176790.1	69.512	246	72	1	382	624	294	539	1.12e-19	104
Phatr3_J49800.t1	Alurs_GHMQ01176789.1	69.512	246	72	1	382	624	2347	2592	1.12e-19	104
Phatr3_J49800.t1	Altub_GFAN01081776.1	68.699	246	74	1	382	624	460	705	5.83e-17	96.0
Phatr3_J49800.t1	Napap_medp_9narc_20101112_27586	67.647	306	92	4	728	1031	928	628	5.83e-17	95.1
Phatr3_J49800.t1	Naafps_TR27586	67.647	306	92	4	728	1031	928	628	5.83e-17	95.1
Phatr3_J49800.t1	Gaelw_comp103828_c0_seq7	81.522	92	17	0	382	473	552	643	2.48e-15	90.6
Phatr3_J49800.t1	Gaelw_comp103828_c0_seq6	81.522	92	17	0	382	473	606	697	2.48e-15	90.6
Phatr3_J49800.t1	Alceag_GFAK01054783.1	75.397	126	31	0	495	620	157	282	8.65e-15	88.7
Phatr3_J49800.t1	Alcom_TR2015565	76.271	118	28	0	516	633	1	118	8.65e-15	87.8
Phatr3_J49800.t1	Trmod_TR2013774	66.667	306	97	4	718	1022	129	430	4.48e-12	79.7
Phatr3_J49800.t1	Alcep_GETF01021835.1	68.519	216	66	2	730	944	1	215	1.56e-11	77.0
Phatr3_J49800.t1	Tuvio_GHMR01230909.1	73.427	143	33	4	882	1023	155	293	1.90e-10	74.3
Phatr3_J49800.t1	Alamp_GFAR01082189.1	75.000	96	24	0	382	477	1641	1736	2.83e-08	66.2
Phatr3_J49800.t1	Lyspr_TRINITY_DN18182_c0_g1_i5	68.889	225	59	8	799	1019	774	557	9.87e-08	65.3
Phatr3_J49800.t1	Lyspr_TRINITY_DN18182_c0_g1_i14	68.889	225	59	8	799	1019	774	557	9.87e-08	65.3
Phatr3_J49800.t1	Lyspr_TRINITY_DN45219_c0_g1_i1	68.161	223	60	7	801	1019	468	253	1.20e-06	61.7
Phatr3_J49800.t1	Zetre_TR2028335	70.000	140	35	3	882	1019	203	337	1.46e-05	57.2
# BLASTN 2.12.0+
# Query: Phatr3_J50482.t1
# Database: /project/def-desgagne/amaryllidaceaeData/blast_dbs/Amaryllidaceae_filtered
# 0 hits found
# BLASTN 2.12.0+
# Query: Phatr3_J43919.t1
# Database: /project/def-desgagne/amaryllidaceaeData/blast_dbs/Amaryllidaceae_filtered
# 0 hits found
# BLASTN 2.12.0+
# Query: Phatr3_J45431.t1
# Database: /project/def-desgagne/amaryllidaceaeData/blast_dbs/Amaryllidaceae_filtered
# 0 hits found
# BLASTN 2.12.0+
# Query: Phatr3_J35869.t1
# Database: /project/def-desgagne/amaryllidaceaeData/blast_dbs/Amaryllidaceae_filtered
# 0 hits found
# BLASTN 2.12.0+
# Query: Phatr3_J45906.t1
# Database: /project/def-desgagne/amaryllidaceaeData/blast_dbs/Amaryllidaceae_filtered
# Fields: query acc.ver, subject acc.ver, % identity, alignment length, mismatches, gap opens, q. start, q. end, s. start, s. end, evalue, bit score
# 34 hits found
Phatr3_J45906.t1	Phchi_TR2013156	76.842	95	22	0	916	1010	1505	1411	2.31e-10	73.4
Phatr3_J45906.t1	Altub_GFAN01132044.1	78.351	97	17	3	916	1010	607	701	8.07e-10	71.6
Phatr3_J45906.t1	Zecan_TRINITY_DN5274_c0_g1_i8	75.789	95	23	0	916	1010	1735	1641	9.83e-09	68.9
Phatr3_J45906.t1	Zecan_TRINITY_DN5274_c0_g1_i5	75.789	95	23	0	916	1010	620	526	9.83e-09	68.9
Phatr3_J45906.t1	Zecan_TRINITY_DN5274_c0_g1_i4	75.789	95	23	0	916	1010	1505	1411	9.83e-09	68.9
Phatr3_J45906.t1	Zecan_TRINITY_DN5274_c0_g1_i3	75.789	95	23	0	916	1010	1717	1623	9.83e-09	68.9
Phatr3_J45906.t1	Zecan_TRINITY_DN5274_c0_g1_i1	75.789	95	23	0	916	1010	1735	1641	9.83e-09	68.9
Phatr3_J45906.t1	Alurs_GHMQ01156239.1	75.926	108	22	3	905	1010	725	830	9.83e-09	68.9
Phatr3_J45906.t1	Alurs_GHMQ01156237.1	75.926	108	22	3	905	1010	576	681	9.83e-09	68.9
Phatr3_J45906.t1	Alurs_GHMQ01156236.1	75.926	108	22	3	905	1010	576	681	9.83e-09	68.9
Phatr3_J45906.t1	Alurs_GHMQ01156235.1	75.926	108	22	3	905	1010	1106	1211	9.83e-09	68.9
Phatr3_J45906.t1	Alurs_GHMQ01156234.1	75.926	108	22	3	905	1010	576	681	9.83e-09	68.9
Phatr3_J45906.t1	Alurs_GHMQ01156233.1	75.926	108	22	3	905	1010	576	681	9.83e-09	68.9
Phatr3_J45906.t1	Almac_GFAO01156655.1	75.926	108	22	3	905	1010	641	746	9.83e-09	68.9
Phatr3_J45906.t1	Tuvio_GHMR01066069.1	77.320	97	18	3	916	1010	652	746	3.43e-08	67.1
Phatr3_J45906.t1	Tuvio_GHMR01066065.1	77.320	97	18	3	916	1010	652	746	3.43e-08	67.1
Phatr3_J45906.t1	Tuvio_GHMR01066064.1	77.320	97	18	3	916	1010	524	618	3.43e-08	67.1
Phatr3_J45906.t1	Tuvio_GHMR01066063.1	77.320	97	18	3	916	1010	652	746	3.43e-08	67.1
Phatr3_J45906.t1	Tuvio_GHMR01066062.1	77.320	97	18	3	916	1010	524	618	3.43e-08	67.1
Phatr3_J45906.t1	Tuvio_GHMR01066060.1	77.320	97	18	3	916	1010	652	746	3.43e-08	67.1
Phatr3_J45906.t1	Tuvio_GHMR01066058.1	77.320	97	18	3	916	1010	756	850	3.43e-08	67.1
Phatr3_J45906.t1	Tuvio_GHMR01066057.1	77.320	97	18	3	916	1010	524	618	3.43e-08	67.1
Phatr3_J45906.t1	Tuvio_GHMR01066056.1	77.320	97	18	3	916	1010	652	746	3.43e-08	67.1
Phatr3_J45906.t1	Alchi_GFAL01037883.1	75.000	108	23	3	905	1010	585	690	1.20e-07	64.4
Phatr3_J45906.t1	Alchi_GFAL01005732.1	75.248	101	18	3	917	1013	517	614	4.18e-07	63.5
Phatr3_J45906.t1	Alnut_GHML01253290.1	76.289	97	19	3	916	1010	445	539	4.18e-07	62.6
Phatr3_J45906.t1	Alnut_GHML01253287.1	76.289	97	19	3	916	1010	672	766	4.18e-07	62.6
Phatr3_J45906.t1	Alnut_GHML01253286.1	76.289	97	19	3	916	1010	672	766	4.18e-07	62.6
Phatr3_J45906.t1	Altub_GFAN01125706.1	81.667	60	10	1	917	975	457	516	6.20e-05	56.3
Phatr3_J45906.t1	Alnut_GHML01215844.1	81.667	60	10	1	917	975	247	306	6.20e-05	56.3
Phatr3_J45906.t1	Alnut_GHML01215842.1	81.667	60	10	1	917	975	1118	1177	6.20e-05	56.3
Phatr3_J45906.t1	Almac_GFAO01084141.1	81.667	60	10	1	916	975	706	764	6.20e-05	56.3
Phatr3_J45906.t1	Alcep_GETF01036821.1	73.148	108	25	3	905	1010	641	746	6.20e-05	55.4
Phatr3_J45906.t1	Alceag_GFAK01069305.1	73.148	108	25	3	905	1010	560	665	6.20e-05	55.4
# BLASTN 2.12.0+
# Query: Phatr3_J45850.t1
# Database: /project/def-desgagne/amaryllidaceaeData/blast_dbs/Amaryllidaceae_filtered
# 0 hits found
# BLASTN 2.12.0+
# Query: XM_002181287.1:129-1409 Phaeodactylum tricornutum CCAP 1055/1 histone deacetylase 1 isoform partial mRNA
# Database: /project/def-desgagne/amaryllidaceaeData/blast_dbs/Amaryllidaceae_filtered
# Fields: query acc.ver, subject acc.ver, % identity, alignment length, mismatches, gap opens, q. start, q. end, s. start, s. end, evalue, bit score
# 255 hits found
XM_002181287.1:129-1409	Leaes_TRINITY_DN3432_c0_g2_i2	67.327	909	288	4	19	924	302	1204	3.91e-76	291
XM_002181287.1:129-1409	Zecan_TRINITY_DN445_c0_g1_i9	66.569	1029	323	8	25	1044	276	1292	4.77e-75	288
XM_002181287.1:129-1409	Zecan_TRINITY_DN445_c0_g1_i7	66.569	1029	323	8	25	1044	276	1292	4.77e-75	288
XM_002181287.1:129-1409	Lyspr_TRINITY_DN1915_c0_g2_i1	68.966	754	224	6	263	1011	422	1170	4.77e-75	288
XM_002181287.1:129-1409	Lyspr_TRINITY_DN1915_c0_g2_i1	74.107	112	27	2	25	135	154	264	9.87e-08	65.3
XM_002181287.1:129-1409	Zecan_TRINITY_DN445_c0_g1_i13	66.472	1029	324	9	25	1044	254	1270	2.47e-72	279
XM_002181287.1:129-1409	Zecan_TRINITY_DN445_c0_g1_i10	66.472	1029	324	9	25	1044	254	1270	2.47e-72	279
XM_002181287.1:129-1409	Zecan_TRINITY_DN445_c0_g1_i1	66.472	1029	324	9	25	1044	254	1270	2.47e-72	279
XM_002181287.1:129-1409	Leaes_TRINITY_DN3432_c0_g2_i3	66.848	920	296	4	19	935	302	1215	3.01e-71	275
XM_002181287.1:129-1409	Leaes_TRINITY_DN3432_c0_g2_i1	66.848	920	296	4	19	935	302	1215	3.01e-71	275
XM_002181287.1:129-1409	Zecan_TRINITY_DN445_c0_g1_i5	66.740	905	288	3	25	924	276	1172	1.05e-70	274
XM_002181287.1:129-1409	Phcyr_TR2025515	66.740	905	288	3	25	924	166	1062	1.05e-70	274
XM_002181287.1:129-1409	Agpror_GALD01018599.1	66.814	907	284	5	25	924	126	1022	3.67e-70	272
XM_002181287.1:129-1409	Agpror_GALD01018598.1	66.814	907	284	5	25	924	126	1022	3.67e-70	272
XM_002181287.1:129-1409	Leaes_TRINITY_DN3432_c0_g1_i1	68.393	753	230	5	263	1011	412	1160	1.28e-69	270
XM_002181287.1:129-1409	Leaes_TRINITY_DN3432_c0_g1_i1	74.107	112	27	2	25	135	147	257	9.87e-08	65.3
XM_002181287.1:129-1409	Alcep_GETF01033762.1	67.211	918	284	10	25	935	73	980	1.28e-69	269
XM_002181287.1:129-1409	Alceag_GFAK01060287.1	67.211	918	284	10	25	935	203	1110	1.28e-69	269
XM_002181287.1:129-1409	Zecan_TRINITY_DN445_c0_g1_i14	66.630	905	289	4	25	924	254	1150	5.44e-68	265
XM_002181287.1:129-1409	Napap_medp_9narc_20101112_66444	66.630	905	289	4	25	924	1200	304	5.44e-68	265
XM_002181287.1:129-1409	Naafps_TR66444	66.630	905	289	4	25	924	1200	304	5.44e-68	265
XM_002181287.1:129-1409	Lyspr_TRINITY_DN1915_c0_g1_i6	66.630	905	289	4	25	924	236	1132	5.44e-68	265
XM_002181287.1:129-1409	Lyspr_TRINITY_DN1915_c0_g1_i5	66.630	905	289	4	25	924	236	1132	5.44e-68	265
XM_002181287.1:129-1409	Lyspr_TRINITY_DN1915_c0_g1_i3	66.630	905	289	4	25	924	236	1132	5.44e-68	265
XM_002181287.1:129-1409	Almac_GFAO01095588.1	67.144	907	281	10	25	924	233	1129	1.90e-67	263
XM_002181287.1:129-1409	Agpror_GALD01018597.1	66.593	907	286	5	25	924	201	1097	1.90e-67	263
XM_002181287.1:129-1409	Agpror_GALD01018596.1	66.593	907	286	5	25	924	201	1097	1.90e-67	263
XM_002181287.1:129-1409	Agpror_GALD01018595.1	66.593	907	286	5	25	924	281	1177	1.90e-67	263
XM_002181287.1:129-1409	Agpror_GALD01018594.1	66.593	907	286	5	25	924	281	1177	1.90e-67	263
XM_002181287.1:129-1409	Lyrad_TR94691_c0_g2_i8	66.519	905	290	4	25	924	156	1052	6.63e-67	260
XM_002181287.1:129-1409	Lyrad_TR94691_c0_g2_i1	66.519	905	290	4	25	924	156	1052	6.63e-67	260
XM_002181287.1:129-1409	Agafr_TR2028950	67.544	798	248	5	25	818	125	915	2.31e-66	260
XM_002181287.1:129-1409	Nataz_c106816.graph_c0	66.409	905	291	4	25	924	216	1112	2.82e-65	256
XM_002181287.1:129-1409	Alang_GHMP01111590.1	66.885	918	287	10	25	935	221	1128	2.82e-65	256
XM_002181287.1:129-1409	Alang_GHMP01111586.1	66.885	918	287	10	25	935	221	1128	2.82e-65	256
XM_002181287.1:129-1409	Agpror_GALD01018592.1	66.201	1003	307	12	25	1011	281	1267	2.82e-65	256
XM_002181287.1:129-1409	Navir_TR2040271	67.952	752	236	5	263	1011	433	1182	9.84e-65	253
XM_002181287.1:129-1409	Navir_TR2040271	74.107	112	27	2	25	135	165	275	9.87e-08	65.3
XM_002181287.1:129-1409	Gaelw_comp103828_c0_seq2	66.157	916	297	3	25	935	228	1135	9.84e-65	253
XM_002181287.1:129-1409	Gaelw_comp103828_c0_seq1	66.157	916	297	3	25	935	228	1135	9.84e-65	253
XM_002181287.1:129-1409	Napap_medp_9narc_20101112_6258	66.188	905	293	3	25	924	1786	890	3.43e-64	251
XM_002181287.1:129-1409	Naafps_TR6258	66.188	905	293	3	25	924	1786	890	3.43e-64	251
XM_002181287.1:129-1409	Nataz_c103977.graph_c0	67.776	751	238	4	263	1011	1489	741	1.20e-63	250
XM_002181287.1:129-1409	Nataz_c103977.graph_c0	74.107	112	27	2	25	135	1760	1650	9.87e-08	65.3
XM_002181287.1:129-1409	NapsKA_TR23570_c1_g1_i1	67.819	752	236	5	263	1011	379	1127	4.18e-63	249
XM_002181287.1:129-1409	NapsKA_TR23570_c1_g1_i1	74.107	112	27	2	25	135	114	224	9.87e-08	65.3
XM_002181287.1:129-1409	Napap_medp_9narc_20101112_662	67.819	752	236	5	263	1011	1312	564	4.18e-63	249
XM_002181287.1:129-1409	Napap_medp_9narc_20101112_662	74.107	112	27	2	25	135	1577	1467	9.87e-08	65.3
XM_002181287.1:129-1409	Naafps_TR662	67.819	752	236	5	263	1011	1312	564	4.18e-63	249
XM_002181287.1:129-1409	Naafps_TR662	74.107	112	27	2	25	135	1577	1467	9.87e-08	65.3
XM_002181287.1:129-1409	Alasc_GFAJ01007778.1	66.266	916	286	7	19	924	149	1051	4.18e-63	249
XM_002181287.1:129-1409	Zecan_TRINITY_DN1782_c0_g1_i4	67.781	748	233	5	268	1011	1408	665	4.18e-63	248
XM_002181287.1:129-1409	Zecan_TRINITY_DN1782_c0_g1_i4	77.679	112	23	2	25	135	1714	1604	3.68e-13	83.3
XM_002181287.1:129-1409	Zecan_TRINITY_DN1782_c0_g1_i2	67.781	748	233	5	268	1011	1337	594	4.18e-63	248
XM_002181287.1:129-1409	Zecan_TRINITY_DN1782_c0_g1_i2	77.679	112	23	2	25	135	1643	1533	3.68e-13	83.3
XM_002181287.1:129-1409	Alasc_GFAJ01094660.1	66.332	995	316	12	25	1011	261	1244	4.18e-63	248
XM_002181287.1:129-1409	Lyspr_TRINITY_DN1915_c0_g1_i4	66.188	905	293	4	25	924	236	1132	1.46e-62	247
XM_002181287.1:129-1409	Lyspr_TRINITY_DN1915_c0_g1_i2	66.188	905	293	4	25	924	236	1132	1.46e-62	247
XM_002181287.1:129-1409	Lyspr_TRINITY_DN1915_c0_g1_i1	66.188	905	293	4	25	924	236	1132	1.46e-62	247
XM_002181287.1:129-1409	Napap_medp_9narc_20101112_7295	66.256	892	288	4	25	911	1760	877	1.46e-62	246
XM_002181287.1:129-1409	Napap_medp_9narc_20101112_23645	66.256	892	288	4	25	911	1872	989	1.46e-62	246
XM_002181287.1:129-1409	Naafps_TR7295	66.256	892	288	4	25	911	1760	877	1.46e-62	246
XM_002181287.1:129-1409	Naafps_TR23645	66.256	892	288	4	25	911	1872	989	1.46e-62	246
XM_002181287.1:129-1409	Trmod_TR2079526	66.967	778	244	3	25	797	771	2	1.78e-61	243
XM_002181287.1:129-1409	Altub_GFAN01142880.1	67.432	740	238	2	196	935	409	1145	1.78e-61	242
XM_002181287.1:129-1409	Altub_GFAN01142880.1	76.543	81	19	0	25	105	238	318	1.20e-06	61.7
XM_002181287.1:129-1409	Lyrad_TR158041_c1_g1_i1	68.304	672	209	4	263	932	44	713	7.56e-60	238
XM_002181287.1:129-1409	Alchi_GFAL01018186.1	66.410	908	286	10	25	924	228	1124	2.64e-59	235
XM_002181287.1:129-1409	Alamp_GFAR01076404.1	66.372	904	293	8	25	924	249	1145	9.22e-59	234
XM_002181287.1:129-1409	Alang_GHMP01111589.1	66.373	907	288	10	25	924	221	1117	3.22e-58	232
XM_002181287.1:129-1409	Alang_GHMP01111587.1	66.373	907	288	10	25	924	221	1117	3.22e-58	232
XM_002181287.1:129-1409	Zecan_TRINITY_DN1782_c0_g1_i3	67.112	748	238	5	268	1011	1550	807	4.77e-56	225
XM_002181287.1:129-1409	Zecan_TRINITY_DN1782_c0_g1_i3	78.571	112	22	2	25	135	1856	1746	8.65e-15	87.8
XM_002181287.1:129-1409	Alcep_GETF01032093.1	66.981	742	240	3	184	924	112	849	4.77e-56	225
XM_002181287.1:129-1409	Agpror_GALD01069092.1	67.016	764	234	8	257	1011	543	1297	1.67e-55	223
XM_002181287.1:129-1409	Agpror_GALD01069092.1	76.577	111	26	0	25	135	281	391	1.05e-13	84.2
XM_002181287.1:129-1409	Alurs_GHMQ01088467.1	65.902	915	301	8	25	935	244	1151	7.08e-54	218
XM_002181287.1:129-1409	Altub_GFAN01117825.1	65.934	910	299	8	19	924	99	1001	7.08e-54	218
XM_002181287.1:129-1409	Alsat_TR2010917	66.667	744	245	2	181	924	1516	776	7.08e-54	218
XM_002181287.1:129-1409	Leaes_TRINITY_DN6980_c0_g1_i1	68.831	539	155	4	25	558	532	2	3.67e-51	209
XM_002181287.1:129-1409	Alnut_GHML01204408.1	68.280	558	177	0	378	935	1	558	3.67e-51	209
XM_002181287.1:129-1409	Alnut_GHML01204407.1	68.280	558	177	0	378	935	1	558	3.67e-51	209
XM_002181287.1:129-1409	Alcom_TR2010443	67.322	661	205	5	268	924	285	938	1.28e-50	206
XM_002181287.1:129-1409	Alcom_TR2010443	80.247	81	16	0	25	105	48	128	5.46e-11	75.2
XM_002181287.1:129-1409	Alceag_GFAK01055898.1	66.268	753	236	6	268	1011	239	982	1.56e-49	203
XM_002181287.1:129-1409	NapsKA_TR53547_c0_g1_i6	68.311	527	167	0	385	911	71	597	6.64e-48	198
XM_002181287.1:129-1409	Alnut_GHML01204406.1	68.007	547	175	0	378	924	1	547	6.64e-48	198
XM_002181287.1:129-1409	Alcep_GETF01032024.1	66.135	753	237	6	268	1011	358	1101	6.64e-48	198
XM_002181287.1:129-1409	Alamp_GFAR01086767.1	66.135	753	237	6	268	1011	457	1200	6.64e-48	198
XM_002181287.1:129-1409	Alamp_GFAR01086767.1	73.585	106	26	2	25	129	172	276	4.19e-06	59.0
XM_002181287.1:129-1409	Agafr_TR2026838	66.531	738	229	8	283	1011	1409	681	6.64e-48	198
XM_002181287.1:129-1409	Gaelw_comp103828_c0_seq5	67.753	583	186	2	430	1011	1	582	6.64e-48	197
XM_002181287.1:129-1409	Gaelw_comp103828_c0_seq4	66.616	659	217	1	277	935	1	656	2.32e-47	196
XM_002181287.1:129-1409	Gaelw_comp103828_c0_seq3	66.616	659	217	1	277	935	1	656	2.32e-47	196
XM_002181287.1:129-1409	Zecan_TRINITY_DN1782_c0_g1_i1	66.043	748	230	7	268	1011	1534	807	8.08e-47	195
XM_002181287.1:129-1409	NapsKA_TR53547_c0_g1_i3	67.963	540	173	0	385	924	71	610	8.08e-47	195
XM_002181287.1:129-1409	Tuvio_GHMR01168129.1	67.679	560	181	0	376	935	528	1087	8.08e-47	195
XM_002181287.1:129-1409	Tuvio_GHMR01168127.1	67.679	560	181	0	376	935	528	1087	8.08e-47	195
XM_002181287.1:129-1409	Tuvio_GHMR01168122.1	67.679	560	181	0	376	935	528	1087	8.08e-47	195
XM_002181287.1:129-1409	Tuvio_GHMR01168117.1	67.679	560	181	0	376	935	528	1087	8.08e-47	195
XM_002181287.1:129-1409	Tuvio_GHMR01168115.1	67.679	560	181	0	376	935	528	1087	8.08e-47	195
XM_002181287.1:129-1409	Tuvio_GHMR01168114.1	67.679	560	181	0	376	935	528	1087	8.08e-47	195
XM_002181287.1:129-1409	Lyspr_TRINITY_DN76921_c0_g2_i1	67.038	628	201	3	385	1009	1952	1328	2.82e-46	192
XM_002181287.1:129-1409	Alang_GHMP01078397.1	67.764	577	163	7	45	611	9	572	2.82e-46	192
XM_002181287.1:129-1409	Zecan_TRINITY_DN9877_c0_g1_i3	71.622	370	100	2	184	552	7	372	9.85e-46	190
XM_002181287.1:129-1409	NapsKA_TR53547_c0_g1_i7	67.778	540	174	0	385	924	71	610	9.85e-46	190
XM_002181287.1:129-1409	Leaes_TRINITY_DN11643_c1_g1_i3	73.668	319	79	3	375	689	1102	785	3.44e-45	188
XM_002181287.1:129-1409	Leaes_TRINITY_DN11643_c1_g1_i1	73.668	319	79	3	375	689	1102	785	3.44e-45	188
XM_002181287.1:129-1409	Phchi_TR2024253	73.186	317	82	1	376	689	1092	776	1.20e-44	187
XM_002181287.1:129-1409	Zecan_TRINITY_DN9877_c0_g1_i1	71.351	370	101	2	184	552	7	372	4.19e-44	186
XM_002181287.1:129-1409	Alfis_GFAM01024336.1	65.737	753	240	6	268	1011	460	1203	4.19e-44	185
XM_002181287.1:129-1409	Alfis_GFAM01024336.1	67.188	192	61	2	25	215	175	365	5.11e-05	56.3
XM_002181287.1:129-1409	Gasp_comp109434_c0_seq1	68.214	560	165	8	375	926	628	1182	1.46e-43	184
XM_002181287.1:129-1409	Almac_GFAO01157760.1	66.562	637	211	2	376	1011	359	994	5.10e-43	182
XM_002181287.1:129-1409	NapsKA_TR53547_c0_g1_i1	67.407	540	176	0	385	924	71	610	5.10e-43	181
XM_002181287.1:129-1409	Gaelw_comp101530_c3_seq4	68.100	558	169	7	375	926	119	673	5.10e-43	181
XM_002181287.1:129-1409	Gaelw_comp101530_c3_seq3	68.100	558	169	7	375	926	119	673	5.10e-43	181
XM_002181287.1:129-1409	Gaelw_comp101530_c3_seq2	68.100	558	169	7	375	926	621	1175	5.10e-43	181
XM_002181287.1:129-1409	Gaelw_comp101530_c3_seq1	68.100	558	169	7	375	926	621	1175	5.10e-43	181
XM_002181287.1:129-1409	Alnut_GHML01236385.1	68.156	537	162	6	19	552	92	622	1.78e-42	179
XM_002181287.1:129-1409	Lyspr_TRINITY_DN18182_c0_g1_i8	72.642	318	77	3	375	689	1185	875	6.21e-42	178
XM_002181287.1:129-1409	Lyspr_TRINITY_DN18182_c0_g1_i1	72.642	318	77	3	375	689	901	591	6.21e-42	178
XM_002181287.1:129-1409	NapsKA_TR53547_c0_g1_i8	67.362	527	172	0	385	911	71	597	2.17e-41	176
XM_002181287.1:129-1409	NapsKA_TR53547_c0_g1_i4	67.362	527	172	0	385	911	71	597	2.17e-41	176
XM_002181287.1:129-1409	NapsKA_TR53547_c0_g1_i2	67.362	527	172	0	385	911	71	597	2.17e-41	176
XM_002181287.1:129-1409	Lyspr_TRINITY_DN18182_c0_g1_i9	72.327	318	85	1	375	689	1192	875	2.17e-41	176
XM_002181287.1:129-1409	Lyspr_TRINITY_DN18182_c0_g1_i7	72.327	318	85	1	375	689	1192	875	2.17e-41	176
XM_002181287.1:129-1409	Lyspr_TRINITY_DN18182_c0_g1_i6	72.327	318	85	1	375	689	1208	891	2.17e-41	176
XM_002181287.1:129-1409	Lyspr_TRINITY_DN18182_c0_g1_i4	72.327	318	85	1	375	689	1490	1173	2.17e-41	176
XM_002181287.1:129-1409	Lyspr_TRINITY_DN18182_c0_g1_i3	72.327	318	85	1	375	689	1192	875	2.17e-41	176
XM_002181287.1:129-1409	Lyspr_TRINITY_DN18182_c0_g1_i13	72.327	318	85	1	375	689	1192	875	2.17e-41	176
XM_002181287.1:129-1409	Lyspr_TRINITY_DN18182_c0_g1_i12	72.327	318	85	1	375	689	1192	875	2.17e-41	176
XM_002181287.1:129-1409	Lyspr_TRINITY_DN18182_c0_g1_i11	72.327	318	85	1	375	689	1192	875	2.17e-41	176
XM_002181287.1:129-1409	Lyspr_TRINITY_DN18182_c0_g1_i10	72.327	318	85	1	375	689	1490	1173	2.17e-41	176
XM_002181287.1:129-1409	Altub_GFAN01127070.1	65.471	753	242	6	268	1011	507	1250	2.17e-41	176
XM_002181287.1:129-1409	Altub_GFAN01127070.1	80.556	72	14	0	58	129	255	326	8.10e-09	68.0
XM_002181287.1:129-1409	Almac_GFAO01131630.1	72.240	317	85	1	376	689	651	967	7.57e-41	174
XM_002181287.1:129-1409	Alchi_GFAL01105813.1	67.434	565	177	5	376	935	495	1057	7.57e-41	174
XM_002181287.1:129-1409	Alchi_GFAL01068719.1	65.695	755	237	9	268	1011	472	1215	7.57e-41	174
XM_002181287.1:129-1409	Alchi_GFAL01068719.1	73.585	106	26	2	25	129	187	291	4.19e-06	59.0
XM_002181287.1:129-1409	Gasp_comp109434_c0_seq2	75.502	249	58	1	375	620	628	876	2.64e-40	173
XM_002181287.1:129-1409	Zetre_TR2010130	67.238	525	172	0	400	924	724	200	2.64e-40	172
XM_002181287.1:129-1409	Altub_GFAN01081776.1	75.403	248	58	1	376	620	460	707	9.22e-40	171
XM_002181287.1:129-1409	Alnut_GHML01204405.1	66.910	547	181	0	378	924	1	547	9.22e-40	171
XM_002181287.1:129-1409	Alnut_GHML01204404.1	66.910	547	181	0	378	924	1	547	9.22e-40	171
XM_002181287.1:129-1409	Alang_GHMP01129440.1	67.314	566	176	6	376	935	461	1023	3.22e-39	168
XM_002181287.1:129-1409	Alang_GHMP01129437.1	67.314	566	176	6	376	935	461	1023	3.22e-39	168
XM_002181287.1:129-1409	Alang_GHMP01129432.1	67.314	566	176	6	376	935	461	1023	3.22e-39	168
XM_002181287.1:129-1409	Alang_GHMP01129427.1	67.314	566	176	6	376	935	461	1023	3.22e-39	168
XM_002181287.1:129-1409	Alang_GHMP01129425.1	67.314	566	176	6	376	935	461	1023	3.22e-39	168
XM_002181287.1:129-1409	Phcyr_TR2117482	75.000	248	59	1	376	620	908	661	1.12e-38	167
XM_002181287.1:129-1409	Navir_TR2013576	71.698	318	87	1	375	689	514	831	1.12e-38	167
XM_002181287.1:129-1409	NapsKA_TR3104_c0_g1_i2	71.698	318	87	1	375	689	509	826	1.12e-38	167
XM_002181287.1:129-1409	Napap_medp_9narc_20101112_7844	71.698	318	87	1	375	689	1025	708	1.12e-38	167
XM_002181287.1:129-1409	Napap_medp_9narc_20101112_103765	71.698	318	87	1	375	689	301	618	1.12e-38	167
XM_002181287.1:129-1409	Naafps_TR7844	71.698	318	87	1	375	689	1025	708	1.12e-38	167
XM_002181287.1:129-1409	Naafps_TR103765	71.698	318	87	1	375	689	301	618	1.12e-38	167
XM_002181287.1:129-1409	Alang_GHMP01078398.1	66.234	616	206	2	397	1011	18	632	1.12e-38	167
XM_002181287.1:129-1409	Alang_GHMP01078396.1	66.234	616	206	2	397	1011	18	632	1.12e-38	167
XM_002181287.1:129-1409	Alang_GHMP01078394.1	66.234	616	206	2	397	1011	18	632	1.12e-38	167
XM_002181287.1:129-1409	Alurs_GHMQ01176794.1	71.609	317	87	1	376	689	360	676	3.92e-38	165
XM_002181287.1:129-1409	Alurs_GHMQ01176793.1	71.609	317	87	1	376	689	681	997	3.92e-38	165
XM_002181287.1:129-1409	Alurs_GHMQ01176792.1	71.609	317	87	1	376	689	525	841	3.92e-38	165
XM_002181287.1:129-1409	Alurs_GHMQ01176791.1	71.609	317	87	1	376	689	2347	2663	3.92e-38	165
XM_002181287.1:129-1409	Alurs_GHMQ01176790.1	71.609	317	87	1	376	689	294	610	3.92e-38	165
XM_002181287.1:129-1409	Alurs_GHMQ01176789.1	71.609	317	87	1	376	689	2347	2663	3.92e-38	165
XM_002181287.1:129-1409	Alasc_GFAJ01112097.1	71.609	317	87	1	376	689	477	793	3.92e-38	165
XM_002181287.1:129-1409	Alang_GHMP01129442.1	71.609	317	87	1	376	689	461	777	3.92e-38	165
XM_002181287.1:129-1409	Alang_GHMP01129441.1	71.609	317	87	1	376	689	461	777	3.92e-38	165
XM_002181287.1:129-1409	Alang_GHMP01129439.1	71.609	317	87	1	376	689	461	777	3.92e-38	165
XM_002181287.1:129-1409	Alang_GHMP01129436.1	71.609	317	87	1	376	689	461	777	3.92e-38	165
XM_002181287.1:129-1409	Alang_GHMP01129435.1	71.609	317	87	1	376	689	461	777	3.92e-38	165
XM_002181287.1:129-1409	Alang_GHMP01129430.1	71.609	317	87	1	376	689	461	777	3.92e-38	165
XM_002181287.1:129-1409	Alang_GHMP01129428.1	71.609	317	87	1	376	689	461	777	3.92e-38	165
XM_002181287.1:129-1409	Nataz_c104264.graph_c0	74.699	249	60	1	375	620	477	725	1.37e-37	164
XM_002181287.1:129-1409	NapsKA_TR3104_c0_g1_i3	74.699	249	60	1	375	620	509	757	1.37e-37	164
XM_002181287.1:129-1409	NapsKA_TR3104_c0_g1_i1	74.699	249	60	1	375	620	509	757	1.37e-37	164
XM_002181287.1:129-1409	Napap_medp_9narc_20101112_19302	74.699	249	60	1	375	620	816	568	1.37e-37	164
XM_002181287.1:129-1409	Naafps_TR19302	74.699	249	60	1	375	620	816	568	1.37e-37	164
XM_002181287.1:129-1409	Lyrad_TR78353_c0_g1_i1	74.699	249	60	1	375	620	180	428	1.37e-37	164
XM_002181287.1:129-1409	Alfis_GFAM01116590.1	67.138	566	177	6	376	935	523	1085	1.37e-37	164
XM_002181287.1:129-1409	Alceag_GFAK01037393.1	71.293	317	88	1	376	689	567	883	1.67e-36	160
XM_002181287.1:129-1409	Phchi_TR2013060	72.109	294	80	1	268	561	440	731	1.67e-36	159
XM_002181287.1:129-1409	Phchi_TR2013060	77.679	112	23	2	25	135	134	244	3.68e-13	83.3
XM_002181287.1:129-1409	NapsKA_TR3104_c0_g1_i7	74.400	250	60	2	375	620	509	758	5.82e-36	158
XM_002181287.1:129-1409	Tuvio_GHMR01230926.1	74.194	248	61	1	376	620	559	806	5.82e-36	158
XM_002181287.1:129-1409	Tuvio_GHMR01230924.1	74.194	248	61	1	376	620	215	462	5.82e-36	158
XM_002181287.1:129-1409	Tuvio_GHMR01230920.1	74.194	248	61	1	376	620	640	887	5.82e-36	158
XM_002181287.1:129-1409	Tuvio_GHMR01230914.1	74.194	248	61	1	376	620	215	462	5.82e-36	158
XM_002181287.1:129-1409	Tuvio_GHMR01230912.1	74.194	248	61	1	376	620	559	806	5.82e-36	158
XM_002181287.1:129-1409	Alnut_GHML01171307.1	74.194	248	61	1	376	620	509	756	5.82e-36	158
XM_002181287.1:129-1409	Alang_GHMP01129431.1	74.194	248	61	1	376	620	461	708	5.82e-36	158
XM_002181287.1:129-1409	Phchi_TR2103534	74.786	234	59	0	385	618	78	311	2.03e-35	157
XM_002181287.1:129-1409	Agpror_GALD01018593.1	73.770	244	64	0	375	618	277	34	2.47e-34	152
XM_002181287.1:129-1409	Lyrad_TR94691_c0_g2_i2	66.734	493	164	0	432	924	497	989	8.64e-34	150
XM_002181287.1:129-1409	Lyrad_TR94691_c0_g2_i2	66.066	333	103	3	25	352	156	483	8.65e-15	87.8
XM_002181287.1:129-1409	Phcyr_TR2006437	66.732	514	169	2	499	1011	3	515	3.02e-33	150
XM_002181287.1:129-1409	Phcyr_TR2006435	66.732	514	169	2	499	1011	3	515	3.02e-33	150
XM_002181287.1:129-1409	Phcyr_TR2006434	66.732	514	169	2	499	1011	3	515	3.02e-33	150
XM_002181287.1:129-1409	Tuvio_GHMR01168130.1	67.043	443	146	0	493	935	314	756	4.47e-31	141
XM_002181287.1:129-1409	Tuvio_GHMR01168125.1	67.043	443	146	0	493	935	314	756	4.47e-31	141
XM_002181287.1:129-1409	Tuvio_GHMR01168113.1	67.043	443	146	0	493	935	314	756	4.47e-31	141
XM_002181287.1:129-1409	Zetre_TR2010129	73.516	219	58	0	400	618	717	499	6.64e-29	134
XM_002181287.1:129-1409	Zetre_TR2010129	68.229	192	61	0	733	924	391	200	6.65e-10	72.5
XM_002181287.1:129-1409	Alcom_TR2015565	67.241	406	133	0	510	915	1	406	2.32e-28	133
XM_002181287.1:129-1409	Alceag_GFAK01057974.1	66.807	476	149	6	19	491	93	562	9.86e-27	128
XM_002181287.1:129-1409	Alfis_GFAM01008324.1	67.586	435	124	9	25	452	203	627	1.20e-25	124
XM_002181287.1:129-1409	Navir_TR2013688	66.359	434	133	3	25	453	431	6	1.20e-25	123
XM_002181287.1:129-1409	Navir_TR2013687	66.359	434	133	3	25	453	431	6	1.20e-25	123
XM_002181287.1:129-1409	Trmod_TR2013774	66.279	430	143	2	583	1011	3	431	6.22e-23	115
XM_002181287.1:129-1409	Alsat_TR2062685	65.548	447	154	0	565	1011	909	463	2.17e-22	113
XM_002181287.1:129-1409	Alchi_GFAL01094457.1	66.385	473	138	10	19	482	102	562	7.58e-22	111
XM_002181287.1:129-1409	Gaelw_comp103828_c0_seq7	73.057	193	46	3	263	452	439	628	3.22e-20	106
XM_002181287.1:129-1409	Gaelw_comp103828_c0_seq7	73.214	112	28	2	25	135	174	284	1.20e-06	60.8
XM_002181287.1:129-1409	Gaelw_comp103828_c0_seq6	73.057	193	46	3	263	452	493	682	3.22e-20	106
XM_002181287.1:129-1409	Gaelw_comp103828_c0_seq6	72.973	111	30	0	25	135	228	338	2.83e-08	66.2
XM_002181287.1:129-1409	NapsKA_TR23570_c1_g2_i1	66.000	400	123	4	25	419	184	575	3.93e-19	103
XM_002181287.1:129-1409	Ambel_TR2010541	65.581	430	146	2	583	1011	1015	587	3.93e-19	102
XM_002181287.1:129-1409	Ambel_TR2010540	65.581	430	146	2	583	1011	1050	622	3.93e-19	102
XM_002181287.1:129-1409	Alnut_GHML01236383.1	66.359	434	131	9	25	452	219	643	4.78e-18	98.7
XM_002181287.1:129-1409	Almac_GFAO01119026.1	65.904	437	140	6	19	452	95	525	4.78e-18	98.7
XM_002181287.1:129-1409	Alurs_GHMQ01054251.1	69.951	203	61	0	733	935	133	335	7.10e-16	92.4
XM_002181287.1:129-1409	NapsKA_TR23570_c1_g2_i2	65.250	400	126	4	25	419	184	575	2.48e-15	89.7
XM_002181287.1:129-1409	Alceag_GFAK01054783.1	75.194	129	32	0	489	617	157	285	2.48e-15	89.7
XM_002181287.1:129-1409	Zetre_TR2019652	67.014	288	85	3	25	307	236	518	8.65e-15	87.8
XM_002181287.1:129-1409	Almac_GFAO01014545.1	64.583	384	136	0	541	924	1	384	1.28e-12	80.6
XM_002181287.1:129-1409	Trmod_TR2073479	76.786	112	24	2	25	135	263	153	4.48e-12	78.8
XM_002181287.1:129-1409	Phcyr_TR2017871	76.786	112	24	2	25	135	297	187	4.48e-12	78.8
XM_002181287.1:129-1409	Phchi_TR2013589	76.786	112	24	2	25	135	136	246	4.48e-12	78.8
XM_002181287.1:129-1409	Alurs_GHMQ01210073.1	77.358	106	22	2	25	129	200	304	1.56e-11	77.0
XM_002181287.1:129-1409	Alurs_GHMQ01210062.1	77.358	106	22	2	25	129	200	304	1.56e-11	77.0
XM_002181287.1:129-1409	Alurs_GHMQ01210061.1	77.358	106	22	2	25	129	200	304	1.56e-11	77.0
XM_002181287.1:129-1409	Alurs_GHMQ01210058.1	77.358	106	22	2	25	129	200	304	1.56e-11	77.0
XM_002181287.1:129-1409	Alurs_GHMQ01210047.1	77.358	106	22	2	25	129	200	304	1.56e-11	77.0
XM_002181287.1:129-1409	Alurs_GHMQ01210042.1	77.358	106	22	2	25	129	200	304	1.56e-11	77.0
XM_002181287.1:129-1409	Alurs_GHMQ01210040.1	77.358	106	22	2	25	129	200	304	1.56e-11	77.0
XM_002181287.1:129-1409	Alurs_GHMQ01210024.1	77.358	106	22	2	25	129	200	304	1.56e-11	77.0
XM_002181287.1:129-1409	Alurs_GHMQ01210020.1	77.358	106	22	2	25	129	200	304	1.56e-11	77.0
XM_002181287.1:129-1409	Alurs_GHMQ01210016.1	77.358	106	22	2	25	129	200	304	1.56e-11	77.0
XM_002181287.1:129-1409	Alurs_GHMQ01210011.1	77.358	106	22	2	25	129	200	304	1.56e-11	77.0
XM_002181287.1:129-1409	Alurs_GHMQ01210010.1	77.358	106	22	2	25	129	200	304	1.56e-11	77.0
XM_002181287.1:129-1409	Alamp_GFAR01129061.1	69.101	178	55	0	747	924	114	291	1.90e-10	74.3
XM_002181287.1:129-1409	Zetre_TR2013637	76.106	113	19	4	25	135	248	142	6.65e-10	72.5
XM_002181287.1:129-1409	Alcep_GETF01021835.1	68.229	192	61	0	733	924	13	204	6.65e-10	72.5
XM_002181287.1:129-1409	Phchi_TR2013058	79.012	81	17	0	25	105	157	237	2.32e-09	70.7
XM_002181287.1:129-1409	Alurs_GHMQ01326347.1	79.012	81	17	0	25	105	123	203	2.32e-09	70.7
XM_002181287.1:129-1409	Lyspr_TRINITY_DN58937_c0_g1_i1	75.000	112	26	2	25	135	150	260	2.32e-09	69.8
XM_002181287.1:129-1409	Lyspr_TRINITY_DN58937_c0_g1_i1	75.000	92	23	0	514	605	1166	1257	3.44e-07	63.5
XM_002181287.1:129-1409	Phchi_TR2013059	79.268	82	15	2	25	105	134	214	9.87e-08	65.3
XM_002181287.1:129-1409	Alnut_GHML01236386.1	73.585	106	26	2	25	129	148	252	4.19e-06	59.0
XM_002181287.1:129-1409	Alnut_GHML01236384.1	73.585	106	26	2	25	129	160	264	4.19e-06	59.0
XM_002181287.1:129-1409	Alnut_GHML01236382.1	73.585	106	26	2	25	129	160	264	4.19e-06	59.0
XM_002181287.1:129-1409	Alnut_GHML01236381.1	73.585	106	26	2	25	129	160	264	4.19e-06	59.0
XM_002181287.1:129-1409	Alcom_TR2080101	73.585	106	26	2	25	129	418	314	4.19e-06	59.0
XM_002181287.1:129-1409	Alang_GHMP01111585.1	67.188	192	61	2	25	215	168	358	5.11e-05	56.3
# BLAST processed 9 queries
